0.16666667 0.33333333 0.41666667 0.45833333 0.47916667 0.48958333 0.49479167 0.49739583 0.49869792 0.49934896 0.49967448 0.49983724 0.49991862 0.49995931 0.49997965 0.49998983 0.49999491 0.49999746 0.49999873 0.49999936 0.49999968 0.49999984 0.49999992 0.49999996 0.49999998 0.49999999 0.50000000 0.50000000 0.50000000 0.50000000 0.50000000 0.50000000 
0.33333333 0.42118514 0.55296438 0.59592964 0.61037186 0.61533660 0.61707195 0.61768617 0.61790567 0.61798472 0.61801335 0.61802378 0.61802759 0.61802898 0.61802950 0.61802969 0.61802977 0.61802983 0.61802991 0.61803008 0.61803046 0.61803138 0.61803380 0.61804074 0.61806180 0.61812866 0.61834873 0.61910056 0.62177817 0.63177971 0.67118653 0.83559327 
0.41666667 0.55296438 0.74771136 0.81631686 0.84059840 0.84924476 0.85234266 0.85345898 0.85386329 0.85401038 0.85406410 0.85408379 0.85409102 0.85409369 0.85409467 0.85409504 0.85409520 0.85409531 0.85409545 0.85409574 0.85409638 0.85409788 0.85410174 0.85411240 0.85414332 0.85423577 0.85451675 0.85537762 0.85801172 0.86593460 0.88856004 0.94428004 
0.45833333 0.59592964 0.81631686 0.89735147 0.92706557 0.93795347 0.94194516 0.94341039 0.94394910 0.94414751 0.94422071 0.94424776 0.94425778 0.94426149 0.94426287 0.94426339 0.94426361 0.94426375 0.94426394 0.94426430 0.94426505 0.94426675 0.94427089 0.94428174 0.94431136 0.94439394 0.94462461 0.94526121 0.94696966 0.95132242 0.96139949 0.98069977 
0.47916667 0.61037186 0.84059840 0.92706557 0.95943260 0.97152028 0.97602787 0.97770744 0.97833308 0.97856615 0.97865299 0.97868537 0.97869744 0.97870195 0.97870364 0.97870428 0.97870455 0.97870472 0.97870493 0.97870531 0.97870606 0.97870767 0.97871134 0.97872029 0.97874311 0.97880224 0.97895443 0.97933655 0.98025453 0.98230931 0.98641575 0.99320790 
0.48958333 0.61533660 0.84924476 0.93795347 0.97152028 0.98419651 0.98897571 0.99077523 0.99145215 0.99170660 0.99180221 0.99183813 0.99185161 0.99185668 0.99185859 0.99185932 0.99185962 0.99185981 0.99186003 0.99186040 0.99186110 0.99186249 0.99186539 0.99187191 0.99188730 0.99192426 0.99201222 0.99221510 0.99265884 0.99355486 0.99516260 0.99758132 
0.49479167 0.61707195 0.85234266 0.94194516 0.97602787 0.98897571 0.99388855 0.99575057 0.99645562 0.99672235 0.99682320 0.99686130 0.99687569 0.99688113 0.99688318 0.99688397 0.99688430 0.99688450 0.99688472 0.99688507 0.99688570 0.99688685 0.99688902 0.99689346 0.99690303 0.99692421 0.99697089 0.99707050 0.99727144 0.99764461 0.99826163 0.99913084 
0.49739583 0.61768617 0.85345898 0.94341039 0.97770744 0.99077523 0.99575057 0.99764342 0.99836302 0.99863640 0.99874019 0.99877957 0.99879450 0.99880017 0.99880232 0.99880314 0.99880349 0.99880369 0.99880391 0.99880425 0.99880481 0.99880576 0.99880739 0.99881035 0.99881609 0.99882766 0.99885115 0.99889768 0.99898501 0.99913621 0.99937064 0.99968534 
0.49869792 0.61790567 0.85386329 0.94394910 0.97833308 0.99145215 0.99645562 0.99836302 0.99908981 0.99936661 0.99947197 0.99951206 0.99952731 0.99953311 0.99953531 0.99953616 0.99953652 0.99953673 0.99953694 0.99953726 0.99953778 0.99953858 0.99953985 0.99954189 0.99954537 0.99955164 0.99956322 0.99958440 0.99962149 0.99968184 0.99977059 0.99988532 
0.49934896 0.61798472 0.85401038 0.94414751 0.97856615 0.99170660 0.99672235 0.99863640 0.99936661 0.99964509 0.99975127 0.99979173 0.99980715 0.99981302 0.99981526 0.99981613 0.99981649 0.99981670 0.99981691 0.99981722 0.99981770 0.99981842 0.99981946 0.99982097 0.99982323 0.99982677 0.99983259 0.99984227 0.99985798 0.99988202 0.99991571 0.99995788 
0.49967448 0.61801335 0.85406410 0.94422071 0.97865299 0.99180221 0.99682320 0.99874019 0.99947197 0.99975127 0.99985784 0.99989850 0.99991401 0.99991992 0.99992218 0.99992306 0.99992342 0.99992363 0.99992384 0.99992414 0.99992460 0.99992527 0.99992618 0.99992741 0.99992903 0.99993126 0.99993441 0.99993906 0.99994590 0.99995565 0.99996863 0.99998434 
0.49983724 0.61802378 0.85408379 0.94424776 0.97868537 0.99183813 0.99686130 0.99877957 0.99951206 0.99979173 0.99989850 0.99993926 0.99995481 0.99996074 0.99996301 0.99996389 0.99996426 0.99996447 0.99996468 0.99996498 0.99996542 0.99996606 0.99996691 0.99996798 0.99996930 0.99997090 0.99997288 0.99997538 0.99997862 0.99998281 0.99998800 0.99999403 
0.49991862 0.61802759 0.85409102 0.94425778 0.97869744 0.99185161 0.99687569 0.99879450 0.99952731 0.99980715 0.99991401 0.99995481 0.99997038 0.99997633 0.99997861 0.99997949 0.99997985 0.99998006 0.99998027 0.99998057 0.99998101 0.99998163 0.99998244 0.99998345 0.99998462 0.99998594 0.99998740 0.99998900 0.99999080 0.99999284 0.99999512 0.99999758 
0.49995931 0.61802898 0.85409369 0.94426149 0.97870195 0.99185668 0.99688113 0.99880017 0.99953311 0.99981302 0.99991992 0.99996074 0.99997633 0.99998228 0.99998456 0.99998544 0.99998581 0.99998602 0.99998623 0.99998652 0.99998696 0.99998757 0.99998837 0.99998934 0.99999045 0.99999164 0.99999288 0.99999412 0.99999535 0.99999656 0.99999774 0.99999890 
0.49997965 0.61802950 0.85409467 0.94426287 0.97870364 0.99185859 0.99688318 0.99880232 0.99953531 0.99981526 0.99992218 0.99996301 0.99997861 0.99998456 0.99998684 0.99998772 0.99998809 0.99998830 0.99998851 0.99998880 0.99998923 0.99998984 0.99999063 0.99999159 0.99999267 0.99999381 0.99999495 0.99999604 0.99999704 0.99999794 0.99999872 0.99999938 
0.49998983 0.61802969 0.85409504 0.94426339 0.97870428 0.99185932 0.99688397 0.99880314 0.99953616 0.99981613 0.99992306 0.99996389 0.99997949 0.99998544 0.99998772 0.99998860 0.99998897 0.99998918 0.99998939 0.99998968 0.99999012 0.99999072 0.99999151 0.99999246 0.99999352 0.99999464 0.99999575 0.99999678 0.99999769 0.99999846 0.99999908 0.99999956 
0.49999491 0.61802977 0.85409520 0.94426361 0.97870455 0.99185962 0.99688430 0.99880349 0.99953652 0.99981649 0.99992342 0.99996426 0.99997985 0.99998581 0.99998809 0.99998897 0.99998934 0.99998955 0.99998976 0.99999005 0.99999049 0.99999109 0.99999188 0.99999282 0.99999388 0.99999499 0.99999608 0.99999708 0.99999795 0.99999867 0.99999923 0.99999964 
0.49999746 0.61802983 0.85409531 0.94426375 0.97870472 0.99185981 0.99688450 0.99880369 0.99953673 0.99981670 0.99992363 0.99996447 0.99998006 0.99998602 0.99998830 0.99998918 0.99998955 0.99998976 0.99998997 0.99999026 0.99999069 0.99999130 0.99999208 0.99999303 0.99999408 0.99999518 0.99999626 0.99999724 0.99999809 0.99999877 0.99999930 0.99999967 
0.49999873 0.61802991 0.85409545 0.94426394 0.97870493 0.99186003 0.99688472 0.99880391 0.99953694 0.99981691 0.99992384 0.99996468 0.99998027 0.99998623 0.99998851 0.99998939 0.99998976 0.99998997 0.99999018 0.99999047 0.99999090 0.99999151 0.99999229 0.99999323 0.99999428 0.99999537 0.99999642 0.99999738 0.99999820 0.99999885 0.99999935 0.99999970 
0.49999936 0.61803008 0.85409574 0.94426430 0.97870531 0.99186040 0.99688507 0.99880425 0.99953726 0.99981722 0.99992414 0.99996498 0.99998057 0.99998652 0.99998880 0.99998968 0.99999005 0.99999026 0.99999047 0.99999076 0.99999119 0.99999180 0.99999258 0.99999351 0.99999454 0.99999560 0.99999662 0.99999754 0.99999832 0.99999894 0.99999940 0.99999972 
0.49999968 0.61803046 0.85409638 0.94426505 0.97870606 0.99186110 0.99688570 0.99880481 0.99953778 0.99981770 0.99992460 0.99996542 0.99998101 0.99998696 0.99998923 0.99999012 0.99999049 0.99999069 0.99999090 0.99999119 0.99999163 0.99999223 0.99999300 0.99999391 0.99999491 0.99999592 0.99999689 0.99999775 0.99999847 0.99999904 0.99999946 0.99999975 
0.49999984 0.61803138 0.85409788 0.94426675 0.97870767 0.99186249 0.99688685 0.99880576 0.99953858 0.99981842 0.99992527 0.99996606 0.99998163 0.99998757 0.99998984 0.99999072 0.99999109 0.99999130 0.99999151 0.99999180 0.99999223 0.99999282 0.99999356 0.99999443 0.99999538 0.99999632 0.99999721 0.99999799 0.99999864 0.99999915 0.99999952 0.99999978 
0.49999992 0.61803380 0.85410174 0.94427089 0.97871134 0.99186539 0.99688902 0.99880739 0.99953985 0.99981946 0.99992618 0.99996691 0.99998244 0.99998837 0.99999063 0.99999151 0.99999188 0.99999208 0.99999229 0.99999258 0.99999300 0.99999356 0.99999427 0.99999508 0.99999594 0.99999679 0.99999758 0.99999827 0.99999884 0.99999928 0.99999960 0.99999981 
0.49999996 0.61804074 0.85411240 0.94428174 0.97872029 0.99187191 0.99689346 0.99881035 0.99954189 0.99982097 0.99992741 0.99996798 0.99998345 0.99998934 0.99999159 0.99999246 0.99999282 0.99999303 0.99999323 0.99999351 0.99999391 0.99999443 0.99999508 0.99999581 0.99999656 0.99999730 0.99999798 0.99999857 0.99999904 0.99999941 0.99999967 0.99999985 
0.49999998 0.61806180 0.85414332 0.94431136 0.97874311 0.99188730 0.99690303 0.99881609 0.99954537 0.99982323 0.99992903 0.99996930 0.99998462 0.99999045 0.99999267 0.99999352 0.99999388 0.99999408 0.99999428 0.99999454 0.99999491 0.99999538 0.99999594 0.99999656 0.99999721 0.99999782 0.99999838 0.99999886 0.99999924 0.99999953 0.99999974 0.99999988 
0.49999999 0.61812866 0.85423577 0.94439394 0.97880224 0.99192426 0.99692421 0.99882766 0.99955164 0.99982677 0.99993126 0.99997090 0.99998594 0.99999164 0.99999381 0.99999464 0.99999499 0.99999518 0.99999537 0.99999560 0.99999592 0.99999632 0.99999679 0.99999730 0.99999782 0.99999831 0.99999875 0.99999912 0.99999942 0.99999964 0.99999980 0.99999991 
0.50000000 0.61834873 0.85451675 0.94462461 0.97895443 0.99201222 0.99697089 0.99885115 0.99956322 0.99983259 0.99993441 0.99997288 0.99998740 0.99999288 0.99999495 0.99999575 0.99999608 0.99999626 0.99999642 0.99999662 0.99999689 0.99999721 0.99999758 0.99999798 0.99999838 0.99999875 0.99999908 0.99999936 0.99999958 0.99999974 0.99999986 0.99999993 
0.50000000 0.61910056 0.85537762 0.94526121 0.97933655 0.99221510 0.99707050 0.99889768 0.99958440 0.99984227 0.99993906 0.99997538 0.99998900 0.99999412 0.99999604 0.99999678 0.99999708 0.99999724 0.99999738 0.99999754 0.99999775 0.99999799 0.99999827 0.99999857 0.99999886 0.99999912 0.99999936 0.99999955 0.99999971 0.99999982 0.99999990 0.99999995 
0.50000000 0.62177817 0.85801172 0.94696966 0.98025453 0.99265884 0.99727144 0.99898501 0.99962149 0.99985798 0.99994590 0.99997862 0.99999080 0.99999535 0.99999704 0.99999769 0.99999795 0.99999809 0.99999820 0.99999832 0.99999847 0.99999864 0.99999884 0.99999904 0.99999924 0.99999942 0.99999958 0.99999971 0.99999981 0.99999988 0.99999993 0.99999997 
0.50000000 0.63177971 0.86593460 0.95132242 0.98230931 0.99355486 0.99764461 0.99913621 0.99968184 0.99988202 0.99995565 0.99998281 0.99999284 0.99999656 0.99999794 0.99999846 0.99999867 0.99999877 0.99999885 0.99999894 0.99999904 0.99999915 0.99999928 0.99999941 0.99999953 0.99999964 0.99999974 0.99999982 0.99999988 0.99999993 0.99999996 0.99999998 
0.50000000 0.67118653 0.88856004 0.96139949 0.98641575 0.99516260 0.99826163 0.99937064 0.99977059 0.99991571 0.99996863 0.99998800 0.99999512 0.99999774 0.99999872 0.99999908 0.99999923 0.99999930 0.99999935 0.99999940 0.99999946 0.99999952 0.99999960 0.99999967 0.99999974 0.99999980 0.99999986 0.99999990 0.99999993 0.99999996 0.99999998 0.99999999 
0.50000000 0.83559327 0.94428004 0.98069977 0.99320790 0.99758132 0.99913084 0.99968534 0.99988532 0.99995788 0.99998434 0.99999403 0.99999758 0.99999890 0.99999938 0.99999956 0.99999964 0.99999967 0.99999970 0.99999972 0.99999975 0.99999978 0.99999981 0.99999985 0.99999988 0.99999991 0.99999993 0.99999995 0.99999997 0.99999998 0.99999999 1.00000000 
