0.16666667 0.33333333 0.41666667 0.45833333 0.47916667 0.48958333 0.49479167 0.49739583 0.49869792 0.49934896 0.49967448 0.49983724 0.49991862 0.49995931 0.49997965 0.49998983 0.49999491 0.49999746 0.49999873 0.49999936 0.49999968 0.49999984 0.49999992 0.49999996 0.49999998 0.49999999 0.50000000 0.50000000 0.50000000 0.50000000 0.50000000 0.50000000 
0.33333333 0.42118520 0.55296382 0.59592737 0.61036611 0.61532439 0.61704863 0.61764495 0.61783760 0.61787943 0.61786102 0.61781799 0.61776880 0.61772688 0.61770136 0.61769556 0.61770937 0.61774128 0.61778782 0.61784209 0.61789507 0.61794072 0.61797727 0.61800783 0.61804389 0.61811953 0.61834439 0.61909865 0.62177740 0.63177944 0.67118643 0.83559322 
0.41666667 0.55296382 0.74770873 0.81630947 0.84058142 0.84920991 0.85227646 0.85334112 0.85366615 0.85370107 0.85361017 0.85346266 0.85330166 0.85316685 0.85308705 0.85306989 0.85311297 0.85321227 0.85335889 0.85353077 0.85369569 0.85383431 0.85394060 0.85402051 0.85409424 0.85421112 0.85450511 0.85537245 0.85800957 0.86593377 0.88855972 0.94427987 
0.45833333 0.59592737 0.81630947 0.89733307 0.92702503 0.93787068 0.94178599 0.94312130 0.94345418 0.94335271 0.94302924 0.94258658 0.94211321 0.94172195 0.94150059 0.94145749 0.94157712 0.94185221 0.94226771 0.94276136 0.94322245 0.94359851 0.94387456 0.94406312 0.94419843 0.94433895 0.94459927 0.94525015 0.94696508 0.95132062 0.96139878 0.98069940 
0.47916667 0.61036611 0.84058142 0.92702503 0.95934371 0.97133616 0.97566511 0.97702869 0.97713413 0.97658234 0.97559999 0.97433110 0.97295926 0.97183264 0.97124021 0.97114384 0.97146716 0.97220844 0.97337077 0.97479065 0.97606146 0.97706576 0.97777478 0.97822579 0.97849895 0.97868846 0.97890407 0.97931531 0.98024599 0.98230601 0.98641447 0.99320725 
0.48958333 0.61532439 0.84920991 0.93787068 0.97133616 0.98380506 0.98817830 0.98922634 0.98860869 0.98682806 0.98406039 0.98051286 0.97652265 0.97324530 0.97172773 0.97155838 0.97241081 0.97435675 0.97759203 0.98176478 0.98523360 0.98789900 0.98971233 0.99079612 0.99138545 0.99170305 0.99191935 0.99217782 0.99264452 0.99354958 0.99516064 0.99758033 
0.49479167 0.61704863 0.85227646 0.94178599 0.97566511 0.98817830 0.99219837 0.99231920 0.98985792 0.98489173 0.97736385 0.96765303 0.95589886 0.94614675 0.94259833 0.94251346 0.94467614 0.94957723 0.95847298 0.97121299 0.98044817 0.98748855 0.99209662 0.99466131 0.99593272 0.99652483 0.99681396 0.99701148 0.99725023 0.99763733 0.99825913 0.99912958 
0.49739583 0.61764495 0.85334112 0.94312130 0.97702869 0.98922634 0.99231920 0.99031620 0.98347256 0.97041125 0.95021648 0.92449205 0.88917455 0.85899419 0.85260702 0.85373819 0.85888340 0.87038499 0.89398779 0.93538454 0.95831138 0.97700451 0.98862605 0.99448561 0.99709579 0.99817739 0.99861642 0.99881697 0.99895886 0.99912838 0.99936842 0.99968422 
0.49869792 0.61783760 0.85366615 0.94345418 0.97713413 0.98860869 0.98985791 0.98347255 0.96677963 0.93347745 0.87881717 0.81541818 0.70648990 0.60704519 0.60770732 0.61469048 0.62562162 0.64948102 0.70570150 0.85341620 0.89872557 0.95060245 0.97954900 0.99204974 0.99688720 0.99865305 0.99927609 0.99949974 0.99959982 0.99967794 0.99977069 0.99988536 
0.49934896 0.61787943 0.85370106 0.94335270 0.97658234 0.98682805 0.98489171 0.97041122 0.93347742 0.85138076 0.69497516 0.56729324 0.51337473 0.53740291 0.58282422 0.59695560 0.60429313 0.61611407 0.68961722 0.72727526 0.73130384 0.89773947 0.96647274 0.98933203 0.99664165 0.99892783 0.99961366 0.99980753 0.99986368 0.99989148 0.99992208 0.99996105 
0.49967448 0.61786102 0.85361017 0.94302923 0.97559998 0.98406037 0.97736380 0.95021639 0.87881703 0.69497499 0.50002176 0.52756191 0.63589274 0.77518324 0.70183235 0.69370557 0.69235483 0.67984290 0.59094236 0.55946401 0.69765708 0.84032527 0.96574980 0.99150168 0.99806568 0.99973423 1.00005939 1.00006229 1.00002070 0.99999441 0.99998751 0.99999377 
0.49983724 0.61781799 0.85346265 0.94258657 0.97433108 0.98051281 0.96765292 0.92449182 0.81541777 0.56729272 0.52756164 0.75254865 0.70252411 0.60267632 0.57645754 0.57413593 0.57199543 0.56353371 0.55450043 0.63027692 0.57746651 0.65773422 1.03045691 1.00436707 1.00245569 1.00162186 1.00088938 1.00042562 1.00018428 1.00007304 1.00002764 1.00001383 
0.49991862 0.61776880 0.85330166 0.94211320 0.97295922 0.97652255 0.95589863 0.88917402 0.70648875 0.51337354 0.63589108 0.70252115 0.58813442 0.56189326 0.58010093 0.60265751 0.60194880 0.57486471 0.54225193 0.53077013 0.47787264 0.68085711 0.86670684 0.99742789 1.00822904 1.00503381 1.00234272 1.00099399 1.00040322 1.00015955 1.00006416 1.00003210 
0.49995931 0.61772687 0.85316684 0.94172192 0.97183258 0.97324512 0.94614632 0.85899316 0.60704280 0.53740006 0.77517610 0.60266188 0.56186816 0.60044804 0.73959749 0.85975970 0.86217571 0.74145476 0.59337798 0.53422227 0.51694759 0.57311272 0.67993266 1.10784453 1.03623344 1.01297940 1.00479917 1.00180026 1.00067946 1.00025806 1.00010188 1.00005096 
0.49997965 0.61770135 0.85308703 0.94150055 0.97124011 0.97172745 0.94259762 0.85260521 0.60770280 0.58281711 0.70181298 0.57640609 0.57996480 0.73932945 0.89727643 0.95412781 0.96989146 0.91831102 0.74234051 0.56424092 0.51648366 0.49753950 0.70401199 1.14570451 1.05212005 1.01883463 1.00687625 1.00253052 1.00093696 1.00035009 1.00013661 1.00006832 
0.49998983 0.61769556 0.85306987 0.94145744 0.97114370 0.97155800 0.94251243 0.85373542 0.61468304 0.59694090 0.69366212 0.57399720 0.60218528 0.85828760 0.95060406 0.99783960 1.08473476 1.05618032 0.87811480 0.59240206 0.52017949 0.49259814 0.71384847 1.16054269 1.05983356 1.02220152 1.00821969 1.00304100 1.00112593 1.00041950 1.00016311 1.00008157 
0.49999491 0.61770937 0.85311295 0.94157706 0.97146700 0.97241035 0.94467486 0.85887983 0.62561154 0.60426919 0.69228161 0.57173018 0.60086237 0.85760711 0.95022106 0.99757139 1.08449782 1.05592239 0.87776770 0.59188029 0.51959876 0.49352859 0.72018189 1.16948711 1.06430938 1.02412372 1.00898239 1.00333067 1.00123334 1.00045904 1.00017823 1.00008913 
0.49999746 0.61774127 0.85321225 0.94185215 0.97220826 0.97435627 0.94957591 0.87038127 0.64947041 0.61608534 0.67976017 0.56324058 0.57365220 0.73627215 0.89554431 0.95287054 0.96875928 0.91708984 0.74069086 0.56151676 0.51201023 0.49424853 0.73425690 1.18222822 1.06810817 1.02512912 1.00924053 1.00339835 1.00125219 1.00046478 1.00018023 1.00009013 
0.49999873 0.61778782 0.85335887 0.94226765 0.97337061 0.97759160 0.95847182 0.89398469 0.70569344 0.68958844 0.59086977 0.55430214 0.54153905 0.59083013 0.73390305 0.85534930 0.85809884 0.73716838 0.58777360 0.52452350 0.49670425 0.48948417 0.82908474 1.20504003 1.06887942 1.02417681 1.00869527 1.00317006 1.00116556 1.00043307 1.00016831 1.00008417 
0.49999936 0.61784209 0.85353075 0.94276131 0.97479051 0.98176442 0.97121204 0.93538199 0.85340921 0.72725512 0.55942016 0.63016575 0.53045152 0.53326812 0.56169623 0.58722515 0.58731819 0.56005077 0.52426276 0.50115219 0.47907315 0.62286876 1.24590928 1.11592969 1.04707680 1.01818353 1.00689126 1.00259266 1.00097345 1.00036730 1.00014438 1.00007220 
0.49999968 0.61789506 0.85369568 0.94322242 0.97606136 0.98523334 0.98044750 0.95830968 0.89872136 0.73129416 0.69762636 0.57740413 0.47773917 0.51663382 0.51578405 0.51899033 0.51853792 0.51155960 0.49660575 0.47906085 0.51571904 0.79977160 1.20971836 1.08162818 1.03239551 1.01277574 1.00498694 1.00192993 1.00074266 1.00028614 1.00011435 1.00005718 
0.49999984 0.61794072 0.85383430 0.94359848 0.97706569 0.98789882 0.98748810 0.97700342 0.95059980 0.89773312 0.84030950 0.65770881 0.68079794 0.57301728 0.49738943 0.49240056 0.49336542 0.49417008 0.48945818 0.62285652 0.79976608 1.28842045 1.12151781 1.05010220 1.02050039 1.00831533 1.00333964 1.00132863 1.00052458 1.00020688 1.00008426 1.00004214 
0.49999992 0.61797727 0.85394059 0.94387454 0.97777473 0.98971222 0.99209634 0.98862538 0.97954743 0.96646905 0.96574122 1.03043762 0.86667798 0.67989663 0.70395557 0.71377495 0.72011291 0.73421052 0.82905551 1.24588914 1.20971091 1.12151603 1.05935331 1.02686862 1.01169195 1.00496312 1.00206887 1.00085009 1.00034544 1.00013978 1.00005815 1.00002908 
0.49999996 0.61800783 0.85402050 0.94406310 0.97822576 0.99079605 0.99466115 0.99448524 0.99204887 0.98933011 0.99149755 1.00435884 0.99741371 1.10781692 1.14566323 1.16049179 1.16943885 1.18219285 1.20501744 1.11591936 1.08162390 1.05010074 1.02686827 1.01319889 1.00613011 1.00274128 1.00119283 1.00050839 1.00021329 1.00008879 1.00003779 1.00001890 
0.49999998 0.61804389 0.85409424 0.94419842 0.97849893 0.99138541 0.99593263 0.99709559 0.99688675 0.99664071 0.99806379 1.00245213 1.00822287 1.03622287 1.05210501 1.05981568 1.06429229 1.06809495 1.06887065 1.04707215 1.03239334 1.02049952 1.01169165 1.00613004 1.00302045 1.00142182 1.00064669 1.00028644 1.00012432 1.00005333 1.00002325 1.00001163 
0.49999999 0.61811953 0.85421112 0.94433895 0.97868845 0.99170303 0.99652478 0.99817729 0.99865283 0.99892739 0.99973338 1.00162034 1.00503127 1.01297538 1.01882915 1.02219517 1.02411760 1.02512421 1.02417341 1.01818156 1.01277473 1.00831487 1.00496293 1.00274122 1.00142180 1.00070182 1.00033317 1.00015334 1.00006888 1.00003047 1.00001362 1.00000681 
0.50000000 0.61834439 0.85450511 0.94459927 0.97890406 0.99191934 0.99681394 0.99861636 0.99927599 0.99961346 1.00005903 1.00088875 1.00234170 1.00479764 1.00687425 1.00821741 1.00898019 1.00923871 1.00869397 1.00689045 1.00498650 1.00333942 1.00206877 1.00119279 1.00064667 1.00033317 1.00016463 1.00007862 1.00003653 1.00001666 1.00000763 1.00000382 
0.50000000 0.61909865 0.85537245 0.94525015 0.97931531 0.99217782 0.99701146 0.99881695 0.99949969 0.99980744 1.00006213 1.00042536 1.00099359 1.00179968 1.00252979 1.00304018 1.00332987 1.00339768 1.00316956 1.00259233 1.00192974 1.00132853 1.00085004 1.00050837 1.00028643 1.00015334 1.00007862 1.00003887 1.00001865 1.00000876 1.00000411 1.00000206 
0.50000000 0.62177740 0.85800957 0.94696508 0.98024599 0.99264451 0.99725022 0.99895885 0.99959980 0.99986364 1.00002063 1.00018418 1.00040306 1.00067925 1.00093669 1.00112563 1.00123305 1.00125194 1.00116537 1.00097333 1.00074258 1.00052454 1.00034541 1.00021328 1.00012431 1.00006888 1.00003652 1.00001865 1.00000923 1.00000446 1.00000214 1.00000107 
0.50000000 0.63177944 0.86593377 0.95132062 0.98230601 0.99354957 0.99763733 0.99912837 0.99967793 0.99989147 0.99999438 1.00007299 1.00015949 1.00025798 1.00034999 1.00041939 1.00045893 1.00046469 1.00043300 1.00036725 1.00028611 1.00020686 1.00013977 1.00008878 1.00005332 1.00003047 1.00001666 1.00000876 1.00000446 1.00000222 1.00000109 1.00000054 
0.50000000 0.67118643 0.88855972 0.96139878 0.98641447 0.99516064 0.99825912 0.99936841 0.99977068 0.99992207 0.99998749 1.00002762 1.00006414 1.00010185 1.00013657 1.00016307 1.00017819 1.00018019 1.00016828 1.00014436 1.00011433 1.00008425 1.00005815 1.00003779 1.00002325 1.00001362 1.00000763 1.00000411 1.00000214 1.00000109 1.00000054 1.00000027 
0.50000000 0.83559322 0.94427987 0.98069940 0.99320725 0.99758033 0.99912958 0.99968422 0.99988536 0.99996105 0.99999376 1.00001382 1.00003208 1.00005094 1.00006830 1.00008155 1.00008911 1.00009011 1.00008415 1.00007219 1.00005718 1.00004214 1.00002908 1.00001890 1.00001163 1.00000681 1.00000382 1.00000206 1.00000107 1.00000054 1.00000027 1.00000000 
